10000
2549
401
4801
3457
719
3137
1279
4111
9551
1553
1879
6661
6379
4057
4217
8641
4877
7477
3469
2309
577
3847
7603
859
9431
2843
6997
6037
1913
6581
2153
5879
19
8699
4211
8311
2897
8839
9623
8669
2851
5641
137
1321
9587
7127
8297
4003
5227
593
5647
1487
2903
7951
941
3067
467
719
1013
5857
9829
3767
563
4787
709
8783
8837
7741
6791
4219
9749
3541
7841
8123
8209
6329
6047
1601
6257
9631
6353
9181
6521
3659
9257
5851
8329
6367
8233
7477
5693
521
1163
4373
6151
3547
8317
7669
2293
4931
9013
9539
3019
1801
3347
6961
2251
7333
5669
2689
8419
2543
2729
8171
2039
41
307
2207
6871
1259
5879
2087
4547
2293
3863
971
1193
6679
8971
7817
9349
5849
2239
7573
3221
7283
8353
9473
8467
3889
8123
8017
6007
3833
4139
2741
6961
8363
1319
5171
757
9439
3089
569
3469
7211
4759
4337
3413
3389
2503
7459
4493
1117
6977
3877
9241
1907
1123
6343
9311
1609
1307
4019
727
6719
6317
2539
3347
6421
3463
1579
5557
5851
6101
4339
9743
6121
9241
3191
8369
7253
317
193
6781
7451
1409
587
677
179
269
8693
101
2423
8111
2213
8467
7561
4919
2029
3371
6547
4951
401
4271
7949
9281
3923
6143
3911
2969
6163
2081
7829
2083
5413
4099
881
7027
2503
53
5711
4993
8719
3253
2221
7459
7451
883
3833
1289
1637
2293
3259
8161
991
4423
7229
3187
983
7253
8861
2851
3343
4987
6733
4003
1907
2081
7853
6133
3643
3469
673
9463
1087
47
8731
3187
8761
1471
2203
8017
9719
2251
9431
1759
7823
4289
9199
3967
3727
5639
7477
9319
1319
2851
2837
4597
8161
5153
9697
8689
1163
9803
1367
4027
9151
7933
8543
67
3793
71
6917
9787
1021
7673
8867
4751
3511
3083
1607
3169
7529
8269
4271
8699
1759
6571
5119
5507
4357
6067
7151
4289
6863
1999
5813
7607
3169
5569
4651
373
4973
2357
1171
1973
5413
3581
2281
7723
5563
7019
7727
4057
9631
2693
6421
1187
5927
4759
1459
5501
1747
2347
8293
2351
6079
4793
5477
3011
1613
811
4813
9839
1307
1409
9887
3137
919
2999
7877
9941
3727
6037
2341
1973
3217
6841
3617
6421
5521
9697
7369
3041
7459
7681
7963
8599
4643
271
3583
8093
199
6547
7793
4889
8641
4139
569
4229
1871
809
757
2309
6299
8429
7523
5743
1123
8753
3739
1033
4261
1447
3919
4519
9619
4649
797
1283
8387
1279
919
4133
1823
2969
4289
6733
6841
7349
211
8929
4129
4243
4099
9631
347
1091
5623
3613
5261
6269
1103
6373
7243
7499
13
8521
4447
3583
223
601
7759
5087
2243
3571
6997
2351
7211
3617
8501
5431
3329
4271
2719
9343
2467
6709
577
4973
839
5297
4073
9127
2333
2999
2971
4943
9767
1613
241
8089
3593
6553
9127
8951
5573
4159
6761
2203
2609
7603
2083
5783
1249
8999
1069
1283
4177
4217
4679
4877
4561
1429
727
1667
9749
6073
1301
7237
9133
6551
1597
2917
9377
6287
7307
3499
191
701
739
233
4057
2671
1657
3583
719
3853
467
8263
8117
4933
3943
8521
179
3823
1619
1471
7109
1669
5153
7687
1129
263
4397
8689
1447
2137
4663
5791
8623
6619
1567
8273
773
1063
3559
3923
6883
5347
7213
4259
2281
2027
163
6653
7703
3083
6551
3109
1523
6217
9661
137
523
7583
9587
7229
1453
5387
1801
8971
9029
1609
9439
7
4457
5479
9533
683
7459
8521
9689
5741
8317
6007
7877
3779
3019
487
9067
4297
3533
7757
3547
7529
3541
149
8941
157
8719
2213
5303
1609
3251
673
317
3469
599
8461
6113
3631
4969
6607
563
127
3169
7757
1583
1609
5167
1999
6089
863
4219
113
3299
9341
859
7877
641
2593
4673
6343
6151
1759
2251
353
13
4409
5503
3083
5107
8539
1291
1613
3019
3571
2411
4229
353
8647
6679
89
1493
4273
6043
3361
7393
4423
1931
7937
9461
1303
467
9781
9103
5303
6427
2503
1019
6173
2441
7603
8353
647
6653
8807
6067
541
1061
6359
8429
709
127
809
659
571
479
5021
4409
9497
2027
5081
2089
9479
6311
4603
5791
2677
5659
9437
9281
211
8467
5531
8419
8821
4733
3229
3727
9001
9833
5023
347
619
829
5503
3607
6689
8929
6091
3229
6257
4889
7691
5651
1471
1873
937
337
2213
7481
1759
2417
3089
5197
3719
8389
5303
4999
5779
8761
7309
139
4561
5381
127
9697
2293
9209
4013
6091
3559
991
4079
2663
197
1117
2237
3793
7417
5843
3187
7951
5209
8039
1999
5791
8179
4933
7207
4139
2473
5639
1459
9001
7393
7573
859
2351
2767
3613
823
9697
8999
3
8191
8123
8861
7331
3181
5153
7393
4801
7901
2833
2521
8179
3527
4139
4261
6361
2797
359
3067
5827
7547
9907
8573
5297
853
619
137
2473
3181
617
3037
859
1657
3889
2251
7691
4817
2239
2591
8719
9929
3511
9133
6373
8669
3467
6163
9461
5939
7283
4643
1051
1579
4703
3191
5147
193
7
1153
9137
4139
3541
11
5683
6277
2719
9413
2503
5431
3613
5807
223
2999
2437
1801
1103
2213
89
6857
5563
3617
5119
2657
373
4751
4133
2617
5783
6451
8093
7489
2273
6047
8597
2647
397
6823
1861
2633
9293
3023
2099
1997
863
179
3413
523
5387
9839
311
6709
4483
8419
6397
5081
4831
5387
9371
6701
9181
8297
3259
3347
5477
3049
8221
263
8233
7673
43
8627
701
7757
3343
4057
8783
9463
1447
6481
7753
6343
8599
4273
5521
1163
6011
29
5783
1699
2753
863
1381
8443
4349
3221
9403
3659
751
317
2659
1579
4349
6211
2341
1907
6599
7759
6577
47
3079
3313
5591
673
4549
2879
4621
5861
751
4817
1753
4051
2381
827
5021
6197
433
6491
9743
5477
9157
7351
3389
7069
31
443
7477
5333
6547
1583
7331
4481
4217
5417
191
2053
5503
8123
7243
7829
4481
103
1427
4273
5743
1931
5147
8243
1579
8663
1493
2203
71
6173
1559
6737
7507
883
8317
5483
7333
1949
8887
6469
7103
3929
5119
4049
1811
7529
241
9767
7867
547
5011
6271
5483
709
9887
491
3779
8111
8161
6007
9533
5573
5953
2251
829
8623
7529
7213
569
1399
4877
7867
6977
6043
4783
5527
3229
2617
587
2879
379
5011
3793
8849
6301
3167
3623
5059
3559
6983
1499
5099
4801
7537
2251
7177
8233
3301
9743
6997
2551
1579
9413
5209
6661
4547
1979
8537
2393
2633
6113
4721
5119
13
3767
6779
2083
6247
1459
449
8761
1433
5519
1451
3547
6143
4813
7829
2801
1889
6857
211
6421
3943
3733
8807
1213
1877
9769
5779
8807
6359
719
953
839
9743
1747
8147
2213
5477
3823
7487
5927
3931
4909
331
1447
4817
4423
2617
2017
1439
5869
31
4831
1249
9497
8501
5653
2777
3457
7321
7211
3851
2113
9883
1429
7001
6991
7013
9677
6829
4969
7481
3607
5471
283
1669
6299
6733
3779
1999
971
4549
6317
5351
6793
4861
1669
7193
4007
3253
4583
1381
2113
3727
1637
5413
8363
7853
2801
4337
2287
1951
2179
9689
3319
3467
6053
1951
6247
8623
4729
3001
6659
5323
4021
6131
6971
3923
2857
8741
2371
1877
7643
6637
1213
3191
3343
5419
1709
7541
3061
7603
6173
547
1999
2447
7219
337
503
2647
2267
4561
5503
1481
1567
2749
7369
4691
9413
2281
157
6761
4937
2903
7759
5669
2281
2677
3697
6763
5779
1063
2039
9883
7417
2131
6311
6679
7883
5281
3853
7607
3697
593
5581
6733
7247
2269
1787
7127
7489
7589
5003
5261
8219
9887
5051
2309
3463
269
7603
1667
2731
9343
1201
1877
2617
9391
4999
911
2647
3967
43
4003
4919
8971
5701
8929
3343
5419
4421
7411
2879
1217
5297
2879
6379
3719
9851
1277
7603
9209
5779
4093
7253
6473
9533
9371
4789
5987
1697
1637
2
2437
6469
1949
9839
4639
3881
6151
5113
991
8377
4561
1861
6689
5827
7879
2357
179
3203
5791
1451
4751
5779
3119
5987
1051
7607
7547
3253
103
661
6863
4973
5309
9109
7411
7459
2657
6011
1429
1499
9539
8513
331
613
6277
3271
6803
2861
5519
8819
1399
2269
317
3527
3041
761
2927
3643
2719
9839
5281
349
8297
1913
6113
5527
5557
1069
6967
6277
1777
1759
4679
8627
3299
2969
23
9851
5683
3929
7577
6301
1747
691
2903
1789
7499
4679
3467
2767
6977
6037
6131
7681
7079
4049
2143
7529
283
1319
6343
73
6367
6977
4211
7687
2971
3947
383
3877
5881
2309
8431
6829
1381
2887
3361
7283
6337
1907
4021
1423
2843
3581
1583
7349
599
8573
9127
9007
3257
5527
8461
6379
1297
7883
5081
5503
1361
6551
4229
5231
1499
5569
6833
4663
9283
7187
1303
5843
9397
4157
4787
5779
7951
29
29
5153
3001
79
7877
4889
1621
5419
7477
1907
6329
6449
8821
6917
1289
31
4153
2237
5297
1877
3607
4079
8719
9689
8467
1753
101
769
6073
7699
8389
4091
4483
7907
5443
5
5273
4423
8387
8011
6529
1787
5749
4177
3779
7589
7639
1229
9491
8837
1231
8783
1733
5923
4651
5657
5843
6607
3907
8353
1901
7309
6353
9929
9343
2683
6701
1087
1193
2459
9461
439
6203
7591
3571
4951
2017
379
6379
593
8647
7013
4679
8443
1723
9929
4409
3041
5647
3821
8527
1039
4639
4721
7253
9949
3779
1361
7013
101
7001
4217
7331
7993
1999
257
9341
2083
5387
2437
3803
9643
53
1709
3671
8447
3461
6203
2137
5419
7759
2797
3677
3593
8291
4349
1871
6691
6829
2267
199
9619
4507
6983
7589
197
7589
5011
3709
8443
7219
9439
1531
7793
8821
8747
7207
8009
1021
8219
6691
4903
9967
1663
3719
9467
5231
2473
2557
9311
1627
4157
2213
5839
4051
6857
5051
8969
5333
5419
4591
8101
1597
4259
7459
9277
3691
1289
6521
4561
4637
4933
3203
1871
1129
8941
6791
599
4049
5743
8069
797
6709
1451
1231
3373
3313
5233
8837
5843
229
2731
6047
2833
9371
5309
3217
1783
5939
1723
3169
7723
3137
2741
6737
8081
6737
2239
3389
4133
151
1619
8147
5003
8741
9787
4241
6199
4999
9227
7487
7451
263
3217
6379
7057
3803
9923
5437
9817
7349
7069
479
8597
991
1511
1033
3923
9343
5639
1033
8861
9491
5197
7529
9199
6577
7879
1231
2713
157
9341
9433
7717
2357
1439
7741
4931
2939
8389
4211
9479
3271
8893
977
7573
9133
5623
1009
3137
7753
2281
4733
6163
4201
4831
4643
1433
6469
2833
2767
673
9787
1063
8147
8513
8887
29
9341
3727
4373
6991
947
1949
6871
5147
4051
1109
7933
4999
9127
2143
2357
2543
6899
3671
2969
3347
5171
2927
1609
4261
3697
293
4447
4567
3319
2297
4723
8231
2129
2593
3119
2383
2383
1663
547
8741
929
4373
1607
2837
2393
3709
2689
53
7753
9181
5869
3931
1229
439
8419
1787
8389
167
4049
9719
7759
6547
9059
3517
7759
6287
9067
4649
101
7741
7561
397
7129
9749
3877
6883
4999
2089
3307
6737
3391
2657
4937
5639
1531
977
167
6361
4423
5153
4679
5843
727
2687
2347
8423
4621
5407
3643
8443
373
863
2437
2521
7817
5827
8647
8069
2677
2531
6311
9467
7459
4987
4423
3559
9127
2333
977
7043
3929
7237
223
347
6221
7547
5647
1709
7321
9769
1367
1031
4751
6733
4673
5483
7237
6899
857
4691
257
6203
2131
8719
4799
8243
293
4339
4391
6043
7151
5437
577
8443
263
5879
3089
4337
1249
5231
8209
3797
8219
9883
7243
4241
1627
8461
3697
4787
5399
937
131
2137
7499
311
599
5261
1787
1229
5701
6229
7253
2543
5081
6983
5431
2243
3709
7309
5881
1499
7823
881
8923
3083
3671
8627
2437
4073
6379
3461
9949
53
3917
8363
8819
7817
1303
6089
5347
1399
8447
4051
103
1973
1181
6133
271
2917
5783
2411
8527
5081
1871
643
4349
7013
7507
6563
673
9377
9811
3121
2659
2467
3631
373
3617
2711
983
2083
6271
761
8093
491
3217
7873
113
23
4217
1723
5657
5101
6163
6959
1061
3803
9613
5407
7699
1361
9749
941
5701
503
3709
5693
9833
4397
3547
4289
2239
1889
983
8641
2347
7001
5437
6361
3373
4561
4643
7759
7129
3631
641
3083
4241
7411
2377
3931
8443
9791
7577
2819
5783
4391
1193
5939
1559
2473
4549
5351
2543
283
229
9277
4079
4889
4447
3109
4057
67
8461
89
3631
3359
127
4447
1061
6101
5857
4729
9613
9749
571
2027
8123
1873
7853
7727
6529
9257
2549
5179
8681
7027
9497
8513
7549
5839
8059
863
6397
4127
7309
3323
7649
3089
2069
5279
7757
401
5507
2671
2897
8269
4019
1789
5023
3407
7541
4943
8741
4273
7457
4079
1493
8221
3463
8747
2819
2437
797
1999
6101
7487
4091
829
4703
9521
1861
9839
7741
1667
823
1723
9001
5857
1667
3391
2063
1429
5449
4621
6311
941
4751
6551
1709
8219
5563
4349
8423
743
1151
9929
353
4339
5471
2659
7937
8741
6217
9839
3733
9743
4201
1433
5051
8581
9323
5387
6571
3911
6287
569
1223
2411
8831
1451
6857
3821
4079
8963
3923
953
9743
773
197
653
7253
9601
4129
5591
4049
8123
7873
2909
2027
2671
487
6053
5783
3533
7457
3169
3343
5119
6841
1483
4327
4363
8011
1487
6271
8689
251
103
8317
5059
1709
7607
3121
1723
7993
109
8677
7643
3529
6311
8783
7019
1051
9227
4289
1277
3917
8287
2731
461
1223
2999
3499
9161
7309
2801
8243
7129
727
277
4073
7589
8741
9397
3457
7207
2659
6203
8663
2297
193
2719
7873
2269
6529
1669
9623
6311
6101
1033
641
3581
6007
7517
5827
9661
8971
1373
9257
419
5309
3329
6067
7547
3119
5813
2423
613
5779
433
8231
7213
6257
4799
859
5119
9907
313
769
6581
3251
5449
4049
89
9377
9883
5273
3323
8521
3079
3617
1129
9103
6151
9337
5419
3923
5231
1619
6373
9161
2399
8353
1453
991
9187
5923
6359
3547
919
1951
6637
1613
6911
911
6323
9133
3041
9929
5783
3583
3109
8837
7109
8363
6883
9719
7253
1103
9311
1571
7951
3209
8017
647
8719
5171
8467
701
5171
2473
4001
197
5821
9769
2719
9029
4027
3571
1777
7237
2683
2011
7901
2749
4567
2239
109
1559
4253
3547
499
2803
211
3257
2897
1613
5233
439
9533
359
5821
4583
8377
3851
8209
5683
2659
1153
7681
7507
9923
6917
2659
6949
8387
9157
5209
2381
2383
9859
9749
433
8969
9277
6053
9397
9103
9133
449
7481
3041
5821
6781
9349
8693
1201
3727
3911
2659
7583
2671
3217
863
3767
83
3697
4523
3529
2341
1109
1699
1907
8419
5563
251
163
9533
9791
311
431
3889
4813
4547
5693
6673
7129
2957
823
4451
9239
8747
2441
677
4093
137
4099
9323
1303
3947
509
8237
29
7687
9127
2971
7489
5431
6899
5147
8287
3361
4759
3583
3797
8689
6143
3637
3631
4373
5387
5101
7207
7687
2153
6949
2383
8221
439
4211
4649
1933
9749
2633
4799
1453
3307
9649
2687
7673
6301
2137
5743
1753
6791
8563
9067
1877
3323
5623
7703
9967
8429
3697
9539
8053
6091
1783
2663
2903
9001
8423
7703
5279
659
2689
9631
6203
6473
1697
6317
2999
1471
59
7949
6053
997
8443
9697
5119
3301
53
109
1489
1361
8081
5839
7459
5647
1399
1031
7177
9091
8693
7507
4229
4919
3371
67
7549
4801
8779
79
9601
101
7873
4373
739
7603
2609
3407
73
5419
941
5507
2549
4957
7877
487
3463
499
4217
5209
4253
7507
5351
9293
593
4027
5717
2267
9619
6229
9511
307
2137
3463
5519
3331
4211
3167
1531
1097
1277
8521
2549
5189
3203
2861
4783
6619
1423
2741
4027
8563
1873
8821
2273
3347
9649
9461
8807
1667
3847
331
3
5179
4729
4649
8273
5581
6691
3041
4861
1787
3037
9871
6691
7949
73
1307
4877
2423
3613
9619
193
7129
6043
5503
157
11
4799
6317
2857
7789
317
3119
313
541
71
3769
7589
7001
8521
499
2039
3251
8677
7309
37
9743
6529
6287
3163
8803
6047
8089
6121
3517
7687
5279
1051
1499
397
4933
2659
9473
8311
6961
9151
4091
3637
3917
3547
2477
3527
9203
6899
6133
1237
6779
5119
821
2953
53
2203
2437
277
827
6311
193
2213
37
1831
3169
3547
1553
3517
7151
2719
8623
8839
7687
4483
5417
4783
2687
7879
5741
9857
1669
2837
599
2687
7489
3931
4289
1759
6553
4919
9311
2039
653
443
3709
1223
6317
9311
487
9697
6691
8111
3371
8353
3989
4177
3191
277
3733
5519
2539
3079
1283
5527
9227
1987
2141
9721
1831
1223
8501
2269
199
3527
5939
293
2557
3137
6737
9157
1493
4783
563
4493
6977
5077
1619
2927
3181
5153
7703
2903
9461
5851
8831
3203
149
6451
541
3187
9433
8179
5851
4993
1439
8269
1879
6619
8389
9151
8311
1327
5639
3727
4327
7001
1093
8009
4871
1381
9343
8627
5653
6257
9067
53
1933
727
5381
2621
199
3
9631
653
307
1871
7559
2903
6359
2179
2707
4583
2851
2579
1979
8663
4217
7369
557
6733
1597
709
9941
4259
8171
6701
6053
8171
5231
5153
8887
1787
7687
6899
4931
4583
3733
7951
9479
4289
829
4201
4289
5297
2939
8053
9769
1873
1571
7723
5801
6779
2437
1531
2789
823
4373
2017
3931
9739
4259
6547
9931
1439
3307
7207
8783
9173
1747
829
8867
2371
2179
9643
7537
7523
4327
7907
1201
13
1307
1279
1933
43
7411
4093
5021
2621
3467
6451
5407
4951
7019
3019
2273
1669
6037
4799
8863
1597
8929
4657
1201
19
2503
1321
6101
9439
6719
4657
5623
907
3499
3301
1123
5197
5
389
5741
3167
8609
2633
6287
9293
9871
8863
911
5563
4241
2539
3167
3739
397
167
7951
3823
7393
2027
2971
4889
5303
8669
4643
8377
4363
8849
2633
9001
2063
1979
8219
2011
6217
4639
9967
8963
3701
8693
157
1301
4007
7603
7247
227
1931
5039
6883
757
1129
2083
5573
197
2287
7589
193
727
991
7229
5717
499
4783
7151
1553
8731
3923
8537
2
8263
8443
5507
977
9973
5381
2153
4801
5569
7547
1489
3931
4799
9199
1667
9041
281
2437
3557
2143
5227
7823
379
2239
1381
6857
5051
4073
6869
3931
9781
4019
557
3931
7949
4129
9839
163
3359
4021
419
6323
3581
6089
7393
757
2339
7193
1559
8849
4549
9241
3217
4547
3691
3001
9769
1187
2089
7829
3371
2917
6011
3989
3637
7069
3833
1987
277
3109
5791
6469
2357
4591
6983
9463
2699
5471
9029
6481
9011
9173
8779
4111
163
4637
239
7129
101
5297
419
1999
2207
7121
2549
6323
7607
3919
9871
6449
1607
2377
5387
5807
1723
4451
3943
9041
5701
2269
1097
7873
8501
1889
3701
2269
9199
179
6607
3923
8353
2417
3433
8753
3499
1319
461
4649
4007
2671
1103
8971
3109
4243
3677
8329
2851
8837
9439
9967
4603
8669
4153
8539
2539
379
9151
2137
6689
227
1753
4139
7793
167
8329
1447
3499
7717
7867
2819
3163
157
4021
4603
461
257
2971
9473
9257
151
6353
5693
5003
2273
9679
7297
5023
41
4969
401
3229
5693
113
6991
1889
3821
8501
3821
5231
1523
2017
569
7919
3583
1487
167
4159
3643
1399
7703
3119
4877
4231
3041
4651
733
8243
1487
2087
5077
6047
9419
7001
3853
9161
1499
5119
9293
1091
5903
8297
1877
881
8641
8543
1723
1069
7853
4549
757
7517
1471
2311
739
7079
109
2441
3049
4177
8819
9337
4889
3041
7643
607
2411
6779
6229
2153
7603
2003
6547
2657
601
1867
1283
8689
7159
2039
587
5113
5387
7583
8527
9479
4691
7237
2161
9689
229
7621
3187
521
5039
3221
3203
8429
1229
4229
4751
1307
2633
7949
8969
9521
5107
3301
9103
6703
1993
199
401
8191
4951
1327
9463
1327
8663
9161
157
9931
4159
2539
2803
2837
4787
9029
7561
3299
9871
1663
5479
8941
7433
6983
9013
6131
8291
257
3019
1873
3389
751
929
6007
8923
6869
8719
1553
4373
1787
7283
6829
1487
5801
5009
1621
9209
7103
5743
6299
8179
2791
3851
2011
2027
6481
1721
3709
281
1097
1019
1949
4651
2837
1901
1291
5953
1823
2309
3469
2383
2467
1607
9857
5387
7433
6997
4447
1429
7927
9239
6079
2819
599
599
6733
8269
3203
7559
4723
4201
9497
2267
7127
7673
643
811
4463
379
2753
2689
9349
2137
7499
277
1987
4519
1543
9013
113
6263
6203
9871
9473
4721
4567
4127
4919
6577
769
9049
3877
7369
7879
191
4133
8089
1033
2153
5147
6737
1237
9103
6073
6917
2129
2297
2729
3187
4751
1433
8161
5153
1733
4093
4931
8387
6571
9157
4099
6053
4603
3209
6961
6037
8539
1231
3889
8707
2851
4001
71
2729
6827
5351
641
461
3923
4133
4691
3517
2887
7237
3347
2467
7219
3083
9901
797
7901
1423
857
619
7717
5011
8609
4337
8677
2221
3253
7103
19
7717
4253
8243
4447
2777
1181
9967
251
2383
4157
3413
8963
2347
563
953
67
5903
9857
6841
8893
5039
6997
5557
4021
4729
7993
5347
677
3229
4861
1531
3061
4561
1409
9833
2693
4493
6229
4861
7703
2657
5171
6967
4013
8923
1823
2953
641
281
499
9203
3617
6563
8837
1013
1249
3929
3067
641
1789
7349
4691
4021
7549
5209
7417
2207
8461
8311
4889
5569
751
4783
8867
1361
2741
3557
443
317
8273
6917
1303
5449
5303
8837
4211
1979
7213
4363
149
557
7129
9013
3631
4339
3221
179
4751
9109
223
6317
3727
6883
5171
3547
4099
3331
4861
1733
9803
4339
9721
6959
4259
7823
6397
6763
9739
2351
1879
5231
6571
1999
5297
3851
8317
3637
197
4649
5939
4933
6113
4261
8273
8581
9631
5011
3779
7027
5689
3347
8167
9413
8527
1621
1607
4349
7583
2141
4177
7237
8243
5051
7039
5051
8291
2017
2381
1277
2543
7333
8699
9199
2677
8111
9721
2683
271
4027
9539
8011
1693
5903
6007
1033
5573
9739
1153
9277
8443
4789
5443
439
5449
1327
6569
3769
2267
6007
4871
1277
9857
4441
6959
4993
1889
4801
4957
2833
4951
1487
7309
2579
3329
6971
4483
3413
9091
5417
7963
9767
8741
6689
9533
7937
3877
6653
3701
439
4933
4759
3229
4691
5051
2089
191
5867
9323
4157
443
5651
6221
2801
4133
6287
823
7129
1609
9133
9473
2593
8011
7069
3083
631
8599
307
3299
3581
823
3877
9623
4441
6917
1187
8317
4919
4679
4657
3253
7027
3221
5059
5077
2099
5023
2333
9787
3041
1847
6221
8699
1129
9419
1489
7487
2617
7433
223
6491
7109
9181
5879
9697
4049
9649
7057
4003
7643
6089
5689
7741
2927
8423
3391
9781
5783
6637
9871
2087
5077
1021
5869
5387
2711
6659
71
2113
4019
9151
6947
9007
7691
1499
4139
4447
271
6833
127
2879
4447
2081
9473
997
293
2281
7177
199
3217
8447
9337
8741
3541
4931
8699
3863
7873
6997
9133
6637
7229
7933
9629
5743
991
1621
769
4051
4007
1901
6571
2039
9413
6317
5431
4327
8191
5209
5783
3769
8081
4507
2819
503
3347
4817
1277
9257
3491
8887
5659
1553
1733
9157
5471
3389
5483
1657
7283
1493
3863
6247
8719
4073
7927
1873
7583
7433
5639
6043
593
1097
2309
2161
3323
6607
1381
5669
8273
3851
8521
2621
1153
5851
1117
3011
6481
293
2647
8467
6959
2473
3203
5323
2789
9839
7919
2143
4909
3767
9929
7727
2549
3373
3889
7477
4057
3631
3557
199
8951
6229
1523
5839
2393
7331
5
157
1471
1553
5113
5167
7351
6089
5813
5209
5231
5419
8609
5477
401
7793
1249
2237
9011
3821
6163
7529
8429
5119
8231
3559
53
8269
9497
2803
1213
439
5039
5531
5153
6067
7127
4327
167
8819
7213
4051
1453
281
3391
2017
7873
1493
3559
8819
919
5039
4951
8443
7757
3739
3299
4691
229
5081
4157
8089
2657
5147
6043
9941
1063
8677
1693
7919
4259
5081
7187
5059
8681
5381
6379
7477
5701
3581
6197
103
9241
2647
9781
1583
5309
6581
3331
6637
6991
3511
2621
2017
857
1609
271
5849
8389
2687
139
6047
4591
8273
4133
4457
8291
3943
7517
1093
9311
1669
1549
3701
2617
1303
8831
1831
2287
9739
3643
397
149
9281
6491
1433
499
1103
1597
2677
8863
461
4583
5171
9649
7211
9601
8513
4799
3089
4013
5693
4817
1237
4793
4787
7829
277
3719
2477
2957
1061
71
4733
6217
443
9391
5653
4993
401
1637
7963
7841
229
4259
953
2237
4421
2767
9323
4297
1399
3343
8429
9781
8353
6577
4787
5659
79
13
3407
7457
6047
7919
4583
1601
1987
7103
5147
509
419
5333
7559
9343
4327
619
8699
7069
601
1303
1459
8167
5647
8147
9133
1579
1511
6299
73
9181
577
9041
4657
7873
8233
2333
8123
2383
3391
5791
4129
269
3319
8737
6481
97
3593
8537
3541
9497
8191
5903
9941
761
6907
2131
1637
641
3881
5821
3163
6791
4273
7529
5881
4721
4229
2971
907
2521
7759
1877
4933
7699
8287
9029
101
7607
5227
2689
883
1973
877
9839
2053
6269
6143
4493
5393
2087
8867
9403
4759
6301
9817
1213
907
47
7867
7121
2531
7639
8311
3943
8971
6659
8219
4133
8849
8167
8543
1217
8521
173
4447
5011
503
3881
4639
6719
2693
3467
8369
3203
8539
6959
1361
1879
577
6143
1009
631
6397
5437
9967
1741
8389
2887
2791
1873
433
6791
3079
1667
1303
3301
3319
4919
7963
4987
421
7481
719
3529
3517
5839
1171
4639
2833
2213
2377
1061
3889
7621
6619
8419
6521
5791
9923
359
7823
9413
2141
1951
3301
3581
4211
8887
7717
9109
9697
8719
1669
8951
7043
7103
1187
2069
1759
1181
6803
7879
401
37
2503
859
5477
3919
31
3361
9941
9013
2081
487
8783
5563
9619
5471
5099
8011
5323
5869
8699
2683
7309
829
1151
9817
1091
2383
6761
83
7019
9227
1583
3019
8147
9049
9241
7307
5179
1259
6211
4933
6653
9679
3761
823
3821
4567
8597
7691
7159
1709
647
1759
9059
7507
1571
1471
6229
2003
179
9883
5281
1321
2003
1103
8707
6899
2351
7727
7307
9851
571
1877
283
7187
5903
2903
5471
7681
4729
617
1283
3919
5693
7027
5569
8737
7507
9851
7459
157
9319
9629
5399
9277
9719
7549
8501
9283
1009
2011
6311
5813
8389
6451
5399
2267
3023
7853
7583
7487
6551
8467
5641
6121
1619
6679
257
8287
7039
5309
5521
8419
7307
5003
8681
8461
3727
241
6133
1993
47
3671
4597
8123
23
7691
5333
379
409
5261
5651
5563
5639
9043
5279
6967
283
5333
6379
1523
4271
6661
2953
5869
9613
1327
8999
1721
409
9833
4877
5471
3181
1609
2339
3137
4271
1693
9311
3631
6907
9511
9319
967
9811
4817
1033
883
1409
853
5659
2633
8263
4583
2731
1201
6089
149
7607
181
5039
6359
4219
3229
3203
2089
3253
1051
3923
8191
7669
5987
3259
1229
9311
593
8263
2143
5851
1289
4297
643
7589
9377
8179
8263
7547
3461
5273
6091
2693
4547
9157
1607
2347
3583
9091
191
2213
3767
6577
4861
3613
4993
2879
311
9323
2243
911
3329
8513
5821
8513
8111
6949
2699
8741
1619
3187
733
313
6079
3623
4721
3037
5569
5113
8867
1319
6869
2411
3673
9209
2707
1187
6151
1693
5531
5741
8573
2999
9257
6551
7127
2741
2447
463
1951
7459
8461
7187
6427
6653
9221
1699
9397
349
7901
227
4441
449
5801
1217
9007
4889
1283
8837
9109
2663
7127
4919
3631
79
6271
2027
8087
7499
8009
3001
4967
5783
907
2693
6361
269
109
3851
8009
2143
157
6389
1091
8623
2087
4973
503
1709
3389
1361
1583
2273
827
3967
3943
9719
9859
9781
9091
2473
1879
1609
9323
6907
3863
2269
1009
2029
3413
7699
9109
8461
9781
3271
8597
1439
4783
9419
6833
9433
2909
8609
401
3019
4933
2417
3011
6323
1303
1229
1291
2467
7487
3391
3527
8707
6473
3659
2647
827
5521
4481
661
1013
3307
4091
4919
7877
7993
3329
4931
13
6121
199
3331
601
3581
6301
4289
3023
349
373
3083
9001
547
41
6299
113
6043
1009
3821
2593
2017
2543
367
9391
2543
3673
2521
2621
6547
6323
643
6547
6991
4759
6551
3547
1039
1217
3793
1399
3463
8269
2089
9011
6343
1627
4643
8803
7411
2729
6619
5419
47
383
911
419
4157
2089
9109
151
463
5279
6841
8009
4759
2029
859
3463
827
2251
7477
9791
2683
4657
409
5869
1409
8101
5189
4951
2789
6871
4243
9133
5981
9157
3121
3877
1753
6581
9551
1741
9601
7867
1381
6301
3583
2621
3251
4289
2767
1531
1291
5981
3709
6791
199
4133
8707
3931
2647
8293
1087
1301
7283
1879
3527
3181
271
7417
1213
4871
283
8761
9749
7013
2039
9551
4003
2389
7643
7757
7547
5581
6899
353
8423
571
9281
769
1867
3331
733
2999
3671
7127
8081
6367
8243
2837
9133
4007
6329
3089
223
8761
6361
1279
4973
9049
6703
6679
1913
6659
2389
331
2713
9479
7253
503
8969
6073
5821
3833
641
641
6659
8609
9157
2939
6733
6257
6353
3989
1213
797
197
6869
5581
9511
2833
7591
7417
7829
6709
5869
479
7001
9091
9349
2
6863
7523
2383
503
2609
349
7187
1013
9041
8431
7841
1933
9859
3697
3923
2503
6911
5897
7643
2239
1319
2027
1229
2803
89
1787
7529
3203
7477
1097
1493
4283
7541
83
457
2333
3019
9719
6353
3067
557
6373
3931
5849
3217
4721
1123
1321
4733
3527
3229
599
83
233
8837
907
7253
6389
5233
6599
3571
3331
1049
2753
2887
9127
7951
3889
139
5743
787
4139
997
9431
6703
337
857
8363
5021
3863
6899
1483
3167
4637
193
4391
3217
2699
8783
59
8623
6421
3517
2971
6823
9967
3467
9643
199
6197
1433
859
3529
881
5563
4049
1459
1567
2767
5839
977
8293
4327
6361
3617
5879
1361
5623
4007
9601
6397
7517
9811
7741
5813
3119
1487
3527
4517
4019
5783
4339
6581
9491
9661
1747
5119
8429
5857
5333
197
7393
5737
7723
9907
8369
7127
167
6037
1151
1451
9929
4519
8431
2311
5279
1511
7193
9643
607
1753
9007
9109
937
6301
367
8941
8999
9733
5683
5039
1217
5651
9103
9421
9871
4051
907
6359
107
1607
8233
3623
7621
4409
2129
4049
7703
3593
2081
3529
8317
5189
1783
317
5827
2633
2837
7937
4019
163
1279
7741
1231
4903
6073
1531
7507
5791
6091
9203
8689
9689
2399
479
3499
4561
5237
2767
811
5323
509
3457
4451
9677
4721
2141
1187
1993
2539
1123
6967
5659
5333
17
4079
6529
7643
1201
6133
8161
8747
6791
151
2693
5507
6067
7517
557
5347
8461
599
307
6163
4457
1907
6361
8629
5813
9049
3769
9371
1721
4759
773
8647
2887
8761
3919
2969
8423
41
307
4603
6829
9403
719
6959
9817
4721
607
919
7229
1321
7481
4241
1511
617
2731
1187
2693
19
3733
6827
6569
11
2699
3217
5573
9091
8819
9587
4447
7127
3881
1087
4421
2311
5581
883
6761
1559
2213
449
3461
7607
6779
9377
1097
8699
641
6779
4019
2437
1949
1109
4729
6397
6113
7523
1091
7039
9749
2539
641
3089
5651
1151
2357
5659
281
6829
2141
9041
4391
3833
6971
4421
7699
4721
2593
6271
9679
9133
4933
1663
3469
3041
8363
5387
4153
107
3547
4229
3041
97
37
1987
6317
5693
5297
2447
2833
3229
4409
1279
1931
6131
9871
3203
7499
4289
1931
8951
8011
3389
929
3307
7487
4583
1069
3323
3221
113
1871
1697
9619
9901
7549
9811
9007
3121
6841
8387
6661
1453
9923
89
9473
6607
4517
3469
2423
2243
5479
1307
8231
6959
9547
4931
1409
6689
2683
439
5471
6299
1889
2707
1289
8597
5657
5897
1619
2399
4933
9923
4517
1129
2707
8089
8923
733
1493
9377
1231
3407
8269
4919
7703
103
7741
757
5953
3083
6029
2467
3823
9319
7027
4871
3853
9623
1721
7649
2179
8317
4079
6917
2333
7549
7639
3761
8867
821
9461
4909
3163
3343
3169
5443
4051
7297
967
7253
4153
7193
9151
6521
8951
4721
5521
3221
1373
3541
229
2969
1151
1367
727
6143
6569
4139
7951
857
127
5881
9883
1993
4289
1583
7
5039
347
197
1489
4481
4211
6361
8059
3319
1993
181
883
8291
367
5483
6091
3461
4519
5669
1787
3121
1753
1117
6823
313
9929
8837
241
6599
2441
3389
1867
743
8219
5851
4987
1621
401
7577
1213
2741
283
2999
2539
4951
4787
8111
5197
3739
6299
8009
4463
9161
5861
9743
8539
4751
7951
5021
5039
6389
1847
3539
6529
9049
4363
2311
4783
7489
3323
2713
3923
17
4513
8699
7937
7643
3727
2663
9643
7901
2053
3463
7883
2683
1667
6551
59
2549
3803
6607
3881
6131
7537
5791
5669
8429
5051
9421
1571
2897
8893
37
307
1303
7129
5099
4787
1951
571
9199
8011
9521
181
6271
421
9419
2851
7577
317
3301
109
9601
6053
5591
8369
1399
6361
8933
9437
103
6053
5107
4639
563
4889
2473
971
1613
5347
5419
9781
5227
4051
4657
719
1453
9199
1609
5519
1697
8353
3167
643
9187
6329
3697
9631
3191
6841
9767
137
3929
3823
7307
5693
4093
5323
1667
1063
6389
2129
6091
2633
347
1097
8629
2671
4547
3083
3329
2731
677
4801
1637
8863
8089
7669
3067
7933
4759
8363
1979
9181
2713
1171
8513
8599
6389
5399
5059
5737
9473
9221
3581
4133
6421
3461
8039
383
5857
379
3659
9551
7393
3631
1789
2531
2287
8431
5741
2617
9277
3779
6029
1327
7349
8941
3313
3169
7109
2837
4457
5477
7043
4567
7309
3391
449
7919
811
1063
6367
8521
4373
5869
6473
587
6551
5939
4691
8093
1823
4409
6637
3701
6871
3907
197
3169
1579
9817
9613
3299
7841
6047
4789
9719
9413
2591
9239
5711
5431
2309
353
4139
5827
8081
9521
8539
8369
7369
7649
3947
1327
5557
6101
127
2953
2683
5623
1787
9677
593
647
9403
6637
1549
773
5591
2137
3529
5557
8783
9439
6763
3467
6163
151
5477
5623
3373
6373
7043
6569
8849
3571
5471
6379
4297
1499
7867
9743
9679
1553
3413
6131
7481
1741
5279
3769
4049
6481
2683
7691
6899
2423
9439
1873
4283
647
2837
8243
6899
8623
6863
5569
3541
2767
347
911
6091
7883
101
2767
5303
5821
4423
4219
3037
19
8059
227
461
61
3253
2903
4021
4673
5639
479
5273
5399
8167
7487
6569
3697
2689
8069
3023
4157
331
9587
4391
4871
2833
359
1951
9281
967
2287
7537
1879
8111
8429
8017
1213
2621
5227
3079
661
653
3967
2011
5861
8627
7
6911
467
8353
3559
4457
6037
53
5147
5641
439
479
1787
4391
2837
2851
7549
9311
5737
919
9049
853
2423
8053
8297
2683
1093
8053
2687
1279
5011
839
5659
8447
2621
479
9137
1879
4243
101
877
3881
4273
7541
8377
5281
907
1129
5563
3659
7873
1237
5087
7793
139
8147
3229
1987
7759
3361
1627
9787
4493
5557
9227
557
6577
887
2351
2789
4027
2003
587
1499
4969
6079
9767
751
7673
7933
5413
881
4789
4003
7723
1163
8689
5653
2791
5099
3067
1213
2683
911
9887
6803
9479
5557
4231
4651
5987
6563
9341
7247
3229
2909
7841
1931
2909
6679
379
8999
8923
11
2143
5443
8779
8429
8821
4241
349
4451
3943
359
6949
5639
1511
1669
2293
9619
6211
9907
5107
6277
1567
761
8233
8293
4289
8219
5641
2473
3433
2311
911
4999
7583
8831
1109
3517
9043
7079
8089
9049
3167
8293
1951
4663
5743
3137
8669
7237
7027
9829
9371
3347
4013
3877
8093
3449
2081
8191
1013
4603
7349
5827
359
7103
2557
9137
137
9851
2003
9851
8297
4909
9923
2347
3331
463
7703
5531
1051
3457
8501
151
1429
1231
239
617
8291
4049
1301
4957
1973
2239
1723
9403
2003
6761
1759
947
2579
4219
3253
4663
1361
1567
211
2339
4621
9769
6569
8093
1433
1319
8059
2851
4549
9857
61
677
5273
701
4813
9907
109
2179
6323
5381
1949
5519
8713
443
6841
1151
3877
1013
3319
4271
7649
7873
3533
3299
7883
1153
8669
5527
2971
383
7727
5897
4673
8669
4051
9041
2789
7331
4657
6269
7351
223
2161
6793
5851
1069
6299
3793
353
8941
173
2347
3539
571
113
349
1543
3851
541
6481
3329
2713
499
4919
743
4153
6379
1123
9007
8971
6247
223
1627
8761
7369
9391
4217
4817
859
5077
9091
7187
1871
2027
8011
3433
47
857
9587
9949
8087
1999
9787
2851
5099
4057
661
5881
863
1031
4903
9511
1259
6529
6299
5039
2381
641
2143
773
5821
4919
9377
3797
9631
5749
2503
4507
3541
9281
5009
1583
8221
293
3253
283
1867
103
5701
3701
4597
947
433
2671
3299
6569
1483
2339
1637
9497
1933
7517
8167
1583
9833
1637
577
607
2657
2633
8209
6637
733
9479
7019
1721
6607
5581
5701
8821
6343
4793
6719
953
5233
9769
7283
967
5449
4673
6029
2383
7001
2
1879
4201
5281
631
5981
1489
2293
6427
4201
5077
9001
563
5323
7477
1297
8741
2903
8269
6911
6299
5527
3793
1601
5077
5807
2789
9173
9043
9403
2287
6047
4289
6397
1453
31
3061
2671
2381
6397
7001
347
3209
9227
1627
5147
4337
8209
1423
4211
877
1601
3847
6011
3989
4999
3923
283
941
1117
4723
8893
467
5101
3449
2347
7307
4003
3917
1553
5417
467
8501
1559
7559
3109
4327
5477
9721
3089
1721
1867
433
191
7573
1399
1493
4591
3373
479
3373
9463
5153
8191
443
1301
2339
1609
6689
607
499
1223
2143
6659
5179
1531
5953
9437
4831
4909
9181
5023
7907
8273
6907
6551
4733
8117
5711
5153
3671
9433
2287
5737
6599
1013
5897
1733
1103
2309
1009
5449
2521
8731
2341
5189
9739
2659
9901
9091
7937
6367
8753
1733
1787
1999
9041
3271
4937
1621
8087
5407
1697
3989
9967
6551
3257
3067
4751
9203
397
3209
5743
1321
6329
2707
4091
4877
3449
6619
1811
5701
1117
6299
3467
8887
1381
7853
5521
3049
2777
7583
6971
8629
4889
2633
2207
6271
1229
7717
3413
1429
1291
9013
8237
719
9629
659
9697
3217
9277
2833
4549
9547
6197
3511
2029
967
9661
139
4691
1091
7349
7283
7703
211
5879
4783
7283
5801
7687
6869
7841
8527
919
5641
2767
863
9151
211
487
3251
7481
8087
2459
7159
1217
857
1303
7243
3559
5501
1949
41
6763
2287
9293
7607
3541
373
8819
4481
1277
9461
6481
5987
3359
6299
1229
7937
1213
7309
3461
9533
5449
8263
2069
3719
1583
4817
3929
3511
6197
7603
9929
773
6271
293
4943
3361
5657
4951
8599
5077
4649
797
9931
7159
2897
8161
6983
6247
6959
2593
157
4793
7927
919
1567
8609
191
2609
577
7283
8609
7603
8761
5419
739
8753
4567
4337
5581
7151
5639
8093
1427
3371
509
9749
691
1597
6337
6883
4933
607
4783
2617
9419
7927
7243
8969
199
6173
7687
8263
5233
2843
101
857
4463
4493
8581
9437
71
3359
2917
9371
5387
3793
613
1489
1307
239
2153
4903
4523
5939
1301
4093
461
6229
8093
3463
6547
6553
6199
4073
8887
3203
683
1531
8017
5077
3697
8699
3541
9173
5171
9463
2593
2621
4201
2029
1811
239
8353
6781
6577
3163
7699
6983
7229
8573
2339
5939
1499
107
5857
9551
919
2593
2971
1889
4093
1693
103
211
6359
5387
9803
2297
1327
8893
307
829
2027
5531
1657
3391
5507
8101
1699
97
6301
3209
9787
7321
2339
4759
2837
347
1303
4349
8147
7621
8863
4219
59
6869
1373
7589
593
1229
2663
769
1123
3559
3457
4903
6091
1511
8887
11
8693
557
2203
9397
9403
9631
757
5087
641
3539
4759
2683
1399
8539
7607
5813
3331
9049
6841
827
2011
4229
4663
1237
4643
5197
7603
1009
3049
383
3967
3217
1381
5011
3877
9397
5953
7681
9343
4057
4073
1423
7151
4909
733
6637
311
3011
3583
4649
4099
8423
3319
463
9733
5591
2903
1069
3347
2377
1297
4397
9781
6343
6053
6907
7727
443
8297
2803
9587
7013
6037
5393
5591
4561
6043
4283
2689
4397
4973
4691
2729
7793
5591
3881
8627
701
8501
6911
6269
3517
3541
383
2857
8527
9749
2381
1021
281
6203
1483
4507
6563
4337
3167
7121
1321
3533
8161
9521
5393
3719
4493
7723
5261
521
1237
3313
6733
7211
2749
2767
6343
3299
1667
3019
3343
9689
3329
5147
8387
4057
7393
653
229
7247
373
6067
727
2251
8609
1229
8297
4363
3643
5801
4423
6301
5237
751
3727
4057
4943
7919
8731
283
1327
6299
2357
5441
8287
9133
2557
6197
9857
9941
1879
1549
7211
8111
2
463
431
3923
8219
2311
9413
5981
5209
4799
9203
1381
5387
4519
6199
2129
3319
1277
709
2647
3299
5021
2129
8273
9767
661
3719
9467
4591
233
83
6367
6323
2549
97
571
4973
823
6277
2789
4919
3727
9551
6421
6907
9203
4561
1753
7879
2143
6829
7331
7211
1319
7019
6983
3491
4007
6883
5441
3529
3307
1949
5387
5527
5591
1367
4639
7523
8231
7489
173
1493
431
7741
353
5669
6301
1877
3931
8443
37
2237
4457
167
6361
6581
7517
3163
643
9227
5119
4139
4583
4273
7933
3643
2963
7247
1307
1319
8363
6761
3079
9151
4003
251
1187
6173
4969
941
199
1511
1709
1249
733
3863
487
9461
8273
6977
6029
7243
4349
4079
3313
571
8521
1871
9931
439
887
6469
8419
9533
1531
613
1427
7297
8231
4337
7499
8387
439
3527
2551
1579
4219
2351
739
4007
7643
311
151
701
1493
9871
5801
4217
6217
2633
4217
6221
79
2843
953
5009
4597
233
6359
2687
6389
2713
7723
3797
8419
6311
8963
6619
5059
2521
1987
3571
1129
5431
4987
7529
5527
4021
3413
467
2647
4091
4943
9661
2689
4297
6247
7591
523
5527
7499
7069
4987
4813
877
9349
3911
5507
6257
2549
3023
4831
4463
2207
397
9767
4283
1033
3671
7559
1697
8263
6011
6883
5857
1213
4673
5791
8123
2713
3931
4273
4463
9839
8597
1523
9421
1873
3001
6553
2341
1231
2803
8893
3709
3011
1217
6863
5939
7039
6581
5059
2069
4813
577
9059
6067
1321
3823
491
607
823
313
7043
8147
8951
9011
3833
7529
2081
7873
853
3617
607
367
4691
2719
6373
1033
6967
4513
3779
3547
9781
7873
3607
9227
6277
2111
661
1319
4597
7309
5021
4517
4133
5333
7669
5717
9431
653
2293
9547
3697
2293
5669
9413
4273
7129
1669
7673
283
5051
2851
9551
3907
3709
9719
7027
433
2063
2851
71
4373
6079
2383
541
6907
4973
3389
7547
4153
7229
8753
1201
1201
2341
359
9679
227
239
2251
1669
1129
6449
4217
5087
1031
2549
4421
9439
6317
8461
977
7753
2837
3467
613
677
1487
3299
1553
8069
6299
5261
3373
1531
6551
6197
877
8353
2447
6581
3203
4759
4111
6911
4513
8933
7841
4733
5501
7591
5749
6833
6863
4349
283
3581
4243
43
863
4861
2903
3037
6761
349
8231
6803
9173
1877
103
5749
6733
6379
6469
3001
5821
1901
9311
1993
7621
2557
3359
6269
6637
4723
6211
9133
5939
1697
9973
8803
6367
5077
3461
7057
4111
2857
7499
8293
3331
7541
2381
5419
5449
733
3067
967
1123
9907
6857
1217
6491
4001
2957
1951
9613
8273
619
8563
6581
977
4523
9437
1091
1301
6779
8243
2447
3187
7283
2591
9689
37
9013
1319
3169
929
5867
8999
8737
2113
107
743
5851
6571
6967
9283
4813
4933
3529
8663
8081
6389
1889
1979
7753
4349
3559
5953
5857
5743
13
7297
593
5521
8167
6379
5351
7727
5653
8929
3919
8243
6343
6473
6113
1489
5443
8527
8951
4733
3467
3697
4253
5417
7883
8699
2017
9103
8581
8443
4729
7541
4391
1847
1783
8951
3257
8291
5507
2957
7253
8951
6977
8563
6389
7477
4783
6329
9587
2113
1213
3259
1669
2671
1889
5653
1669
6079
617
5521
1103
4723
337
373
1291
6043
479
1543
5087
4049
1607
5981
5879
4441
8329
907
9733
4337
8923
6343
4561
6997
6337
109
7297
3767
7529
3449
5717
8951
2729
4057
1523
6917
7499
7349
7489
7927
7213
769
4621
6491
1031
1753
5927
641
9749
439
197
2801
3253
2857
4289
8861
2083
1129
2267
9337
5521
3389
7129
9257
2819
8923
9677
6869
7561
227
409
1481
2927
127
109
1481
5987
5923
4547
7723
9643
6911
6899
1579
1091
3637
6197
8969
647
9743
2423
8513
1481
3011
5443
9901
5309
3881
727
7129
4363
9811
4159
8461
6709
9539
8461
5077
4289
5077
2203
5479
7927
6089
6823
347
1093
4337
1889
4943
9311
6793
6871
1093
3181
5279
3889
5849
6133
9151
2213
3049
2861
6803
1009
7933
4261
7043
6113
8293
7523
2281
8237
1423
9439
8521
9551
1021
6269
1549
4603
8627
2243
1543
4099
7481
5303
9437
61
3181
9067
2689
8017
8941
8363
8423
1657
3191
6221
7717
2633
8887
5333
3583
4919
6607
2557
7043
6691
3167
1931
4139
2459
809
2473
6793
41
8243
2239
4517
4751
2297
9151
631
6869
1097
691
3631
509
5081
19
5113
4787
6043
6679
2467
1789
1459
6689
3923
1423
5023
719
6323
7823
7817
5261
3271
4729
5801
3527
5927
3877
733
6869
8609
4463
9421
659
8093
3547
7213
5557
8761
233
5527
3203
1229
2039
3373
7039
1579
7867
4201
4357
5087
269
9769
1697
3253
6469
9929
1013
8387
631
9601
8713
4967
9587
101
2663
439
9803
2351
83
59
7717
8231
7727
967
2687
6689
5381
1061
9941
2083
6863
809
7681
1531
3037
2879
4481
5849
5081
8101
4001
6361
4861
3877
53
4229
1117
3389
7109
2657
2557
3851
1979
7193
9547
2153
3583
977
3529
8627
431
8719
9941
7963
5573
1061
773
6791
8263
5653
5081
4639
3037
9473
4691
8933
4463
9613
7307
4831
6163
9631
271
9463
89
6961
311
8093
2053
6991
8963
1229
3623
2551
5101
977
2111
4271
7349
6857
163
7669
8573
2833
3613
3407
67
661
1049
9257
7499
8971
7541
4793
1499
461
503
89
1151
839
3109
9221
7643
3187
907
7963
7649
947
6449
727
8923
359
431
5503
9157
5351
6961
2741
1291
9719
2371
241
9803
5281
9613
1493
2143
2939
5227
5737
2593
8887
5507
9697
2423
7703
829
7481
3
5903
7027
3733
4157
3617
9467
1597
5647
8627
857
4967
193
6947
6353
599
3061
6737
449
661
409
8081
7547
2053
7351
7103
4241
5927
9209
8747
349
7879
1523
9689
3191
3613
9613
9743
6389
2861
3407
1619
6397
2677
4337
821
8527
9349
7549
5153
8293
5741
5449
3691
173
7607
3851
4517
9643
4139
419
3701
6563
9257
2719
7949
137
7603
271
8429
2153
3137
2671
9491
9151
7759
8849
643
7691
971
881
6473
3623
7039
4211
1013
643
8839
2393
173
653
1669
1787
3221
7717
8161
6691
4049
6011
3967
2953
9109
3433
2917
587
6791
4723
2137
2969
5209
4391
2377
7823
9257
6761
2459
2309
9497
6563
3329
4027
23
1291
9923
6079
9521
5119
7333
1699
4639
4957
197
1321
3823
5119
6911
3299
8209
283
9431
3257
7723
7879
4091
1013
9239
2477
9931
7883
1723
5309
2707
3343
2551
9629
461
7883
4951
6037
1789
5851
7603
8969
4651
1543
421
3371
7151
3391
7127
4957
8923
2797
9127
7823
4799
4049
1489
2297
5881
179
8663
3469
1171
3217
7879
6907
4013
953
359
6133
7213
2801
8893
8573
271
6067
5471
6581
6703
487
607
9839
5641
8081
9491
2557
1571
7963
599
3251
9103
269
5147
5011
8161
6007
8689
4583
223
2027
2741
7873
8311
6653
2411
311
2273
8461
6869
593
8971
2591
3169
4523
2357
3761
3413
6101
6949
619
8999
1297
1559
7573
7817
6823
7907
1259
4423
179
7933
5683
6563
9103
9343
223
6163
7853
7649
1061
3851
5009
6719
4861
5501
8161
1063
7901
2141
1321
4337
5107
5861
6451
2293
9733
359
7243
883
9059
2377
2207
5107
9439
4877
1549
8713
2053
8761
4967
4817
593
2917
1297
8849
6301
4547
7963
617
5483
3533
43
7607
7639
6869
9293
677
9923
1373
3821
1283
9631
6871
5387
5279
353
5443
2609
4517
7873
9697
2063
1013
5197
2609
9973
149
2557
9421
6841
4909
5801
701
5081
6257
9689
3583
4861
8741
61
2953
811
5839
4349
2179
1583
1511
7927
5387
7459
9209
9439
5861
9859
1873
409
3821
5647
2647
2617
1471
2113
6551
9157
9007
4639
5197
6397
7187
3593
7109
6287
4561
7853
6571
3823
5657
2017
1367
9923
2657
4931
4723
2663
4211
3797
1259
8243
439
6791
6029
2251
47
9439
503
19
4091
7933
9851
4789
3701
947
6131
8737
6907
5101
8627
4889
5171
1847
3491
7477
4363
4999
5503
9901
5297
8219
5711
233
2239
3433
6661
881
6869
1523
5743
353
1117
2633
2347
3221
7529
647
1831
1181
821
7457
9173
4691
9743
9341
503
5519
8287
1103
31
4297
5051
2693
2371
9857
1487
3137
2437
8111
7589
7127
4099
4759
3137
9859
2843
8753
1171
2089
4801
6833
4099
1487
4421
3343
6863
7933
3863
4421
769
8599
6829
4973
7027
5807
8431
3571
9311
9437
6883
4111
8563
6637
2239
3511
3001
5233
2251
8231
6469
2207
223
2089
6581
6343
4507
4909
2053
5827
227
6047
3821
7333
2539
9041
467
3019
43
1109
1123
643
7237
3691
4703
857
5387
6967
7079
8893
8893
5501
2857
8951
6863
1663
2971
9413
929
1033
5813
1867
677
7699
9857
607
1409
479
5381
823
8069
4099
4957
4099
251
7351
6719
6133
6217
4861
8609
677
6701
2503
7963
6337
7673
491
1907
6827
2887
2801
7109
3467
1627
509
8171
2591
6679
8831
7417
6047
1249
6521
7523
607
3347
3001
7417
2063
1153
6163
4051
593
7901
8971
4483
6229
1889
4987
31
5527
6211
8167
1129
6977
5503
3313
5903
6197
9227
5227
5507
9601
6451
8737
547
8737
2447
7457
2657
9871
3413
6733
4871
3797
1367
3779
577
1093
2833
8311
1283
5171
3217
977
5303
1933
1693
2309
5651
1039
1697
3527
3307
457
7577
5881
4339
1637
313
9151
7933
5471
7789
2237
4391
1277
9547
5119
7321
8233
6491
3343
4513
6221
9067
2741
4871
3467
2221
9257
211
9377
3847
479
8597
6277
3373
1523
9547
6367
2333
8753
3253
3677
3343
9281
4909
2003
7433
773
1051
1289
2591
8861
2099
2957
9059
8311
7673
5527
7
2027
1423
3299
8821
6619
2081
9203
6689
6869
2677
3989
3821
719
3511
1741
6379
3719
4079
5783
9371
503
8243
2161
2543
4201
3637
6121
7211
9221
8887
4813
1117
2179
2699
3877
211
2909
5171
8563
7243
4129
8243
4073
6563
4229
1789
5167
6911
5573
7759
9137
193
419
2207
6701
9643
5231
1901
3967
797
2731
5233
2621
547
2069
9613
3853
3637
7333
3719
2753
5
8233
7573
5039
9011
3517
6907
3209
9461
8893
5449
1559
8837
9103
4463
6151
4943
1867
9749
5783
1973
4129
2203
2371
2731
4027
1193
4177
8311
2699
5897
3919
8423
6581
6397
2683
9001
7507
9221
4423
173
2791
1949
5323
1747
4003
6619
7867
101
1889
6353
8663
4219
2699
487
5167
2417
9421
8753
6883
1579
4271
7297
4643
8731
4793
2243
83
269
7673
2729
107
2963
1973
641
4357
3797
2963
7207
353
6551
179
2273
9433
5059
709
4591
7151
8273
8521
7307
439
7121
7919
6269
1823
577
4643
9859
6067
2027
9677
3253
5119
937
9049
3491
3929
4957
523
8783
7673
3221
61
1429
859
4999
641
2663
3413
2579
8527
3061
263
7583
4091
3541
5623
8803
4951
1979
7753
3989
9241
7369
9323
1423
6263
8923
4877
8609
1613
9161
7213
1747
3511
8389
197
11
9187
5591
9341
6379
5503
9613
3947
1847
8783
1621
8219
5309
1951
653
2239
1907
8369
4337
5347
4787
3761
3463
2437
503
1429
4327
5479
599
2999
6709
4273
7369
1259
3359
8221
8669
7873
1093
1213
1759
1327
7823
5387
809
6689
229
2879
1979
8923
4987
3041
6263
7717
2371
5839
8521
1867
293
1303
6323
151
1439
421
2753
8929
5701
6067
2887
523
2417
719
2531
1499
7703
9439
2447
2953
9049
1427
6737
167
6917
3221
7237
2069
6113
4813
4649
599
6217
4733
6607
4519
2539
7207
4517
4073
9697
7919
4253
5807
1759
5471
5647
1979
8597
523
5851
499
7129
67
7411
3449
9257
4091
797
3821
1303
7883
4241
5449
1129
1109
5813
4793
6211
1367
1201
7229
1901
7351
8951
503
3881
3307
9907
4283
4937
3221
727
1291
347
373
3719
2663
1439
4789
4253
9103
2381
751
9173
1109
3967
8641
1619
5153
241
6089
4457
157
9649
4967
293
5903
2393
7109
4957
2309
4801
2801
2389
2239
4663
6917
9413
7643
7321
4583
2281
3217
7927
5927
823
3517
4259
5503
2371
2819
2377
5927
983
7877
6067
661
4603
7919
6719
1217
6091
4003
5711
6917
2657
3187
5209
3449
5281
3877
6367
4649
4219
1201
4051
41
5591
7039
5399
9239
2887
3527
587
1847
383
6073
4957
9067
2971
5279
4273
6761
2687
3529
2389
5741
4649
991
6173
6791
449
3217
1217
4973
3571
9043
8599
2389
7879
6691
8747
2423
41
9151
9241
313
6961
7237
3853
571
2311
6301
3517
739
1669
269
1619
1427
9601
331
3673
523
2003
8167
3457
6701
7759
9433
2137
1811
4591
4229
631
5009
9421
9533
1571
5237
4127
3847
9461
7253
1163
401
283
1193
523
41
8573
5927
9883
7159
2339
641
2543
4021
9833
4153
1319
1381
3659
4889
5273
1693
349
9719
7583
6287
3511
6091
4231
7151
8693
607
8431
79
5237
9419
9601
5689
5527
9631
3217
6691
4787
8677
1231
2683
7583
6833
6389
9137
8167
941
6359
601
9949
9629
4721
2621
2777
3271
1123
7541
9043
7853
263
167
6229
4813
5323
2399
7457
7213
8761
4621
349
9479
1399
3259
2851
6469
5843
4691
4451
7643
3251
1823
5387
6427
6569
1787
9817
2003
1657
4909
6481
8599
5521
3461
7727
9041
2273
151
557
2
4679
3167
3733
53
2647
3863
9923
4987
2351
1951
8369
5737
8191
8017
5801
149
2707
6569
8293
4289
173
337
3541
5569
6151
7573
953
359
6131
3461
3527
29
5003
9151
1439
2879
5591
1579
9643
1187
3469
2473
6841
1471
4591
7649
1697
7211
8563
9551
1427
607
6833
5779
1039
2347
6163
7433
8969
1861
9187
4637
2293
2243
6053
8731
6607
4363
1667
9467
373
211
2711
1301
9319
13
3449
2503
929
9613
5381
2473
8419
3373
8171
9811
7681
331
4261
1483
4931
859
1129
4217
5101
8783
3491
8963
2371
1583
9739
1831
3301
2377
9811
401
8887
7027
9949
1439
7433
8783
1973
9859
5861
103
2129
2243
7577
3539
4441
1373
4019
5801
5281
9151
4657
5923
3677
461
3943
1039
1489
6547
8171
3301
3037
7937
8501
1511
3947
1777
5657
7727
2381
7717
179
6577
8161
4657
101
3037
7213
5107
3613
881
641
7607
6967
5179
8269
8663
367
1709
3877
1583
2711
389
1597
4721
2711
3019
6553
6871
9649
9419
7867
6841
13
2531
5381
3931
887
701
6547
6763
1831
2731
5801
1367
4643
1783
7393
7489
3329
4909
6521
8221
1907
9421
7307
5711
7699
3659
6857
2137
6263
8761
9029
3851
1601
8123
3797
3583
2153
6967
2131
619
9817
9511
947
3089
3257
8539
3557
4357
6421
1453
2593
9157
5399
8093
4567
5641
7127
251
397
8599
4523
5237
6689
1801
6907
977
1301
9833
2029
7517
139
577
7643
9341
9643
641
3607
9277
1129
1319
1409
193
8999
5923
5479
3557
7019
2837
8287
223
139
8297
2377
6971
3643
6547
2129
2473
3559
3167
5081
7669
6277
3449
3581
4703
1087
1607
6079
2777
2857
5171
9337
9059
8971
9803
2897
7507
9907
6547
89
5749
397
1613
7193
5923
6481
199
2411
439
463
9397
617
2593
1553
3529
2767
6899
1979
1933
4421
1861
9227
9437
4457
5393
2579
8467
1433
1811
5501
2909
4721
113
151
2347
2141
2383
2879
2707
4679
6263
2503
6899
5387
53
2011
1979
9421
9941
2803
3221
2591
53
3449
3929
7561
4397
1307
1201
8123
5779
5059
1483
9829
9521
6869
379
1657
5737
23
9949
3511
4243
2333
3527
1619
6329
4201
2677
1009
8429
4603
4397
3527
7349
8369
4463
109
3917
8741
6121
743
3313
3733
3079
8329
6779
9397
421
7417
1579
6151
5011
677
4049
9833
3847
7643
5347
1409
3253
6073
3163
3061
7649
19
5407
7229
7703
6563
5683
3347
8951
7349
9697
3079
5897
2143
6053
79
4093
443
8423
8209
6863
2281
6947
6073
2957
6361
1753
2693
3251
7369
9887
8219
727
7253
6661
8747
6203
5153
5347
9257
4733
2731
6967
4093
907
9209
2237
6733
4217
3203
4831
3637
9511
9187
2683
8693
9281
389
7561
5717
401
3823
1993
821
8951
3511
5087
7019
6373
3833
1117
251
8539
3761
5197
2531
1907
9349
5647
47
8461
347
1471
3967
5653
349
8747
6959
3539
2099
7529
4073
2887
1487
8929
7573
9721
6619
59
599
9241
4013
6961
509
9013
3191
3299
8609
8543
9631
8167
569
9161
1277
7727
5939
3863
6329
7247
8747
8731
8501
4603
4721
3613
8387
4091
4657
1549
499
4643
4789
2897
8513
1201
7993
8923
7243
8377
739
61
2069
5581
2351
6529
8761
6619
257
1123
4241
1933
6991
5881
653
1187
7549
3361
5683
2957
4003
3203
1063
211
3967
3989
5051
3881
467
7477
3907
8647
2833
4019
6571
13
1277
4201
7789
5171
13
3529
8543
1117
2957
9833
1877
2381
9137
1787
383
823
1009
6379
8737
1667
491
6857
9743
7753
601
2273
11
2819
4783
9437
7013
9539
3371
4019
3571
6827
691
6173
4129
547
239
3259
607
7213
3433
619
751
8581
6869
9403
6779
7603
1999
4993
5437
8117
4973
2111
7933
4447
1217
2837
7901
4091
3793
4861
8941
6871
4993
2017
8263
5449
1549
6287
2003
5087
1193
5827
1459
2351
5309
2
9341
1571
6869
3671
5531
1109
1013
4861
3637
6451
3539
1061
1063
9791
283
1223
7109
6379
1901
47
1123
8431
5099
5717
9733
9041
8101
1871
1511
2129
2693
4243
3547
5417
7583
2699
5003
3541
4877
1811
8761
2381
6143
373
9293
4673
6911
4663
9883
2857
491
1171
5563
6263
3271
6373
4721
3463
9539
6793
7283
2897
7151
1381
6961
4793
5417
1483
4993
1373
3299
8861
3203
5419
1669
9413
8353
7919
8677
3517
8363
9719
113
6217
5651
9001
9967
4099
6779
7643
4289
743
5897
2417
6659
3767
2269
947
7537
8461
4159
4493
4339
1429
1987
379
9803
4751
2099
6473
8219
6857
1931
8111
9343
9601
8563
1871
6791
3371
1993
4157
5333
1579
5281
9091
8863
3671
1451
9187
4259
9613
31
4603
9319
3821
8243
6599
379
6569
2803
6823
8731
9473
1171
13
3539
1873
1931
9133
9479
4091
47
6997
1637
2141
1493
7487
5443
